{
  "robotSpeed": 0,
  "steerAngleDeg": 14.144214630126953,
  "cOld": 2,
  "timerTick": 0,
  "wheelVelocity": 4,
  "robotHeading": 0,
  "x2_h": 0.026262028142809868,
  "toGo": -0.19999830424785614,
  "x1_h": 0.16194921731948853,
  "robotSidewaysSpeed": 0,
  "robotTurnRate": 0,
  "steerAngleR": 0.24686312675476074,
  "markerY": 0,
  "markerX": 0,
  "sampleTempValue": 99,
  "sensorState": 0
}