{
  "sampleCounter": 1,
  "robotSpeed": 6,
  "robotSidewaysSpeed": 0,
  "robotTurnRate": 20,
  "markerY": 24.309917449951172,
  "markerX": 32.96973419189453,
  "timerTick": 665,
  "robotHeading": 192.32083129882812,
  "sampleTempValue": 99
}