{
  "sampleCounter": 1,
  "robotSpeed": 6,
  "robotSidewaysSpeed": 0,
  "robotTurnRate": -65,
  "markerY": 57.805355072021484,
  "markerX": 50.109806060791016,
  "timerTick": 1224,
  "robotHeading": 222.05490112304688,
  "sampleTempValue": 99
}